0	0
1	0
2	0
3	0
4	0
5	0
6	0
7	0
8	0
9	0
10	0
11	0
12	0
13	0
14	0
15	0
16	0
17	0
18	0
19	0
20	0
21	0
22	0
23	0
24	0
25	0
26	0
27	0
28	0
29	0
30	0
31	0
32	0
33	0
34	0
35	0
36	0
37	0
38	0
39	0
40	0
41	0
42	0
43	0
44	1
45	0
46	1
47	0
48	0
49	0
50	0
51	0
52	0
53	0
54	0
55	0
56	0
57	0
58	1
59	1
60	0
61	0
62	0
63	3
64	1
65	3
66	3
67	3
68	2
69	5
70	4
71	3
72	7
73	4
74	9
75	8
76	8
77	5
78	6
79	9
80	10
81	15
82	8
83	11
84	17
85	19
86	28
87	25
88	24
89	26
90	22
91	42
92	32
93	46
94	43
95	50
96	52
97	47
98	53
99	51
100	51
101	56
102	58
103	66
104	62
105	55
106	63
107	62
108	62
109	81
110	69
111	86
112	80
113	75
114	102
115	98
116	85
117	74
118	99
119	85
120	92
121	89
122	87
123	97
124	93
125	82
126	97
127	99
128	83
129	96
130	92
131	95
132	85
133	88
134	95
135	86
136	100
137	95
138	86
139	91
140	90
141	81
142	81
143	92
144	88
145	72
146	93
147	91
148	74
149	67
150	83
151	69
152	73
153	72
154	71
155	82
156	72
157	60
158	77
159	79
160	66
161	54
162	70
163	69
164	74
165	58
166	48
167	53
168	66
169	65
170	55
171	61
172	55
173	54
174	46
175	55
176	46
177	37
178	46
179	47
180	40
181	50
182	46
183	58
184	50
185	38
186	44
187	48
188	45
189	47
190	52
191	45
192	45
193	50
194	39
195	47
196	26
197	43
198	55
199	43
200	35
201	36
202	44
203	33
204	35
205	27
206	31
207	33
208	38
209	31
210	34
211	37
212	37
213	27
214	38
215	27
216	34
217	35
218	24
219	26
220	29
221	20
222	41
223	26
224	24
225	29
226	17
227	24
228	20
229	25
230	27
231	20
232	32
233	25
234	14
235	27
236	20
237	23
238	16
239	15
240	23
241	17
242	20
243	15
244	21
245	21
246	23
247	21
248	12
249	14
250	20
251	13
252	19
253	17
254	19
255	17
256	17
257	12
258	13
259	15
260	15
261	16
262	13
263	24
264	16
265	14
266	13
267	8
268	15
269	13
270	15
271	7
272	7
273	11
274	16
275	3
276	17
277	9
278	12
279	12
280	9
281	10
282	13
283	7
284	11
285	12
286	10
287	8
288	6
289	10
290	9
291	9
292	6
293	9
294	6
295	7
296	6
297	12
298	11
299	7
300	11
301	13
302	9
303	7
304	7
305	7
306	8
307	7
308	6
309	4
310	4
311	5
312	4
313	0
314	8
315	13
316	5
317	7
318	6
319	8
320	3
321	9
322	3
323	5
324	5
325	3
326	3
327	4
328	7
329	3
330	6
331	5
332	6
333	0
334	1
335	6
336	5
337	6
338	5
339	3
340	4
341	6
342	5
343	1
344	2
345	2
346	2
347	5
348	2
349	2
350	3
351	3
352	6
353	2
354	3
355	5
356	5
357	5
358	3
359	1
360	6
361	4
362	4
363	5
364	1
365	2
366	3
367	3
368	3
369	3
370	5
371	0
372	3
373	2
374	2
375	1
376	4
377	0
378	0
379	3
380	4
381	1
382	4
383	3
384	6
385	1
386	2
387	3
388	1
389	0
390	2
391	1
392	2
393	1
394	2
395	3
396	2
397	3
398	0
399	2
400	1
401	1
402	1
403	3
404	2
405	0
406	2
407	1
408	0
409	1
410	5
411	0
412	0
413	4
414	1
415	0
416	0
417	2
418	3
419	1
420	1
421	0
422	1
423	1
424	1
425	1
426	0
427	0
428	0
429	1
430	1
431	0
432	1
433	0
434	0
435	2
436	2
437	2
438	0
439	1
440	0
441	1
442	0
443	1
444	2
445	0
446	0
447	0
448	1
449	0
450	1
451	0
452	0
453	1
454	1
455	1
456	0
457	1
458	0
459	0
460	2
461	0
462	1
463	0
464	0
465	0
466	0
467	0
468	0
469	0
470	0
471	1
472	0
473	0
474	1
475	0
476	0
477	0
478	0
479	0
480	2
481	0
482	1
483	0
484	0
485	0
486	0
487	1
488	0
489	0
490	0
491	0
492	2
493	0
494	0
495	0
496	1
497	0
498	0
499	1
500	0
501	1
502	0
503	0
504	0
505	0
506	0
507	0
508	0
509	0
510	0
511	0
512	0
513	1
514	1
515	0
516	0
517	0
518	0
519	0
520	0
521	0
522	1
523	0
524	0
525	0
526	0
527	0
528	0
529	2
530	1
531	1
532	1
533	0
534	0
535	0
536	0
537	0
538	0
539	0
540	0
541	0
542	0
543	0
544	0
545	0
546	0
547	0
548	0
549	1
550	0
551	0
552	0
553	0
554	0
555	0
556	0
557	0
558	0
559	0
560	0
561	0
562	0
563	0
564	0
565	0
566	0
567	0
568	0
569	0
570	0
571	0
572	0
573	0
574	0
575	0
576	0
577	0
578	0
579	0
580	0
581	0
582	0
583	0
584	0
585	0
586	0
587	0
588	0
589	0
590	0
591	0
592	0
593	0
594	0
595	0
596	0
597	0
598	0
599	0
600	0
601	0
602	0
603	0
604	0
605	0
606	0
607	1
608	0
609	0
610	0
611	0
612	0
613	0
614	0
615	0
616	0
617	0
618	0
619	0
620	0
621	0
622	0
623	0
624	0
625	0
626	0
627	0
628	0
629	0
630	0
631	0
632	0
633	0
634	0
635	0
636	0
637	0
638	0
639	0
640	0
641	0
642	0
643	0
644	0
645	0
646	0
647	0
648	0
649	0
650	1
651	0
652	0
653	0
654	0
655	0
656	0
657	0
658	0
659	0
660	0
661	0
662	0
663	0
664	0
665	0
666	0
667	0
668	0
669	0
670	0
671	0
672	0
673	0
674	0
675	0
676	0
677	0
678	0
679	0
680	0
681	0
682	0
683	0
684	0
685	0
686	0
687	0
688	0
689	0
690	0
691	1
692	0
693	0
694	0
695	0
696	0
697	0
698	0
699	0
700	0
701	0
702	0
703	0
704	0
705	0
706	0
707	0
708	0
709	0
710	0
711	0
712	0
713	0
714	0
715	0
716	0
717	0
718	0
719	0
720	0
721	0
722	0
723	0
724	0
725	0
726	0
727	0
728	0
729	0
730	0
731	0
732	0
733	0
734	0
735	0
736	0
737	0
738	0
739	0
740	0
741	0
742	0
743	0
744	0
745	0
746	0
747	0
748	0
749	0
750	0
751	0
752	0
753	0
754	0
755	0
756	0
757	0
758	0
759	0
760	0
761	0
762	0
763	0
764	0
765	0
766	0
767	0
768	0
769	0
770	0
771	0
772	0
773	0
774	0
775	0
776	0
777	0
778	0
779	0
780	0
781	0
782	0
783	0
784	0
785	0
786	0
787	0
788	0
789	0
790	0
791	0
792	0
793	1
794	0
795	0
796	0
797	0
798	0
799	0
800	0
801	0
802	0
803	0
804	0
805	0
806	0
807	0
808	0
809	0
810	0
811	0
812	0
813	0
814	0
815	0
816	0
817	0
818	0
819	0
820	0
821	0
822	0
823	0
824	0
825	0
826	0
827	0
828	0
829	0
830	0
831	0
832	0
833	0
834	0
835	0
836	0
837	0
838	0
839	0
840	0
841	0
842	0
843	0
844	0
845	0
846	0
847	0
848	0
849	0
850	0
851	0
852	0
853	0
854	0
855	0
856	0
857	0
858	0
859	0
860	0
861	0
862	0
863	0
864	0
865	0
866	0
867	0
868	0
869	0
870	0
871	0
872	0
873	0
874	0
875	0
876	0
877	0
878	0
879	0
880	0
881	0
882	0
883	0
884	0
885	0
886	0
887	0
888	0
889	0
890	0
891	0
892	0
893	0
894	0
895	0
896	0
897	0
898	0
899	0
900	0
901	0
902	0
903	0
904	0
905	0
906	0
907	0
908	0
909	0
910	0
911	0
912	0
913	0
914	0
915	0
916	0
917	0
918	0
919	0
920	0
921	0
922	0
923	0
924	0
925	0
926	0
927	0
928	0
929	0
930	0
931	0
932	0
933	0
934	0
935	0
936	0
937	0
938	0
939	0
940	0
941	0
942	0
943	0
944	0
945	0
946	0
947	0
948	0
949	0
950	0
951	0
952	0
953	0
954	0
955	0
956	0
957	0
958	0
959	0
960	0
961	0
962	0
963	0
964	0
965	0
966	0
967	1
968	0
969	0
970	0
971	0
972	0
973	0
974	0
975	0
976	0
977	0
978	0
979	0
980	0
981	0
982	0
983	1
984	0
985	0
986	0
987	0
988	0
989	0
990	0
991	0
992	0
993	0
994	0
995	0
996	0
997	0
998	0
999	0
0	0
1	0
2	0
3	0
4	0
5	0
6	0
7	0
8	0
9	0
10	0
11	0
12	0
13	0
14	0
15	0
16	0
17	0
18	0
19	0
20	0
21	0
22	0
23	0
24	0
25	0
26	0
27	0
28	0
29	0
30	0
31	0
32	0
33	0
34	0
35	0
36	0
37	0
38	0
39	0
40	0
41	0
42	0
43	0
44	1
45	0
46	1
47	0
48	0
49	0
50	0
51	0
52	0
53	0
54	0
55	0
56	0
57	0
58	1
59	1
60	0
61	0
62	0
63	2
64	1
65	3
66	3
67	3
68	2
69	5
70	4
71	3
72	6
73	4
74	10
75	7
76	8
77	5
78	6
79	7
80	10
81	15
82	7
83	11
84	19
85	19
86	28
87	25
88	25
89	27
90	23
91	40
92	32
93	48
94	43
95	50
96	52
97	48
98	53
99	52
100	50
101	56
102	63
103	68
104	60
105	54
106	63
107	64
108	65
109	80
110	68
111	84
112	81
113	77
114	102
115	99
116	85
117	73
118	99
119	86
120	93
121	89
122	87
123	94
124	91
125	82
126	100
127	102
128	83
129	94
130	89
131	98
132	82
133	86
134	94
135	86
136	99
137	93
138	87
139	93
140	91
141	81
142	80
143	93
144	89
145	70
146	93
147	91
148	75
149	65
150	84
151	71
152	71
153	75
154	69
155	79
156	76
157	59
158	78
159	82
160	65
161	58
162	68
163	68
164	73
165	56
166	47
167	54
168	68
169	65
170	54
171	61
172	55
173	55
174	47
175	55
176	48
177	37
178	47
179	47
180	41
181	50
182	47
183	60
184	50
185	38
186	44
187	47
188	46
189	46
190	51
191	43
192	44
193	49
194	39
195	46
196	27
197	41
198	54
199	43
200	35
201	35
202	43
203	33
204	36
205	27
206	31
207	33
208	38
209	31
210	35
211	37
212	36
213	25
214	39
215	27
216	34
217	36
218	24
219	25
220	29
221	21
222	41
223	28
224	27
225	29
226	17
227	22
228	19
229	25
230	27
231	21
232	33
233	22
234	13
235	29
236	20
237	23
238	16
239	16
240	22
241	17
242	20
243	16
244	20
245	21
246	23
247	22
248	12
249	14
250	20
251	14
252	18
253	17
254	19
255	17
256	17
257	12
258	13
259	14
260	15
261	16
262	13
263	24
264	16
265	14
266	14
267	7
268	15
269	12
270	15
271	7
272	7
273	11
274	15
275	3
276	17
277	8
278	12
279	12
280	10
281	9
282	13
283	7
284	11
285	12
286	10
287	9
288	6
289	11
290	9
291	9
292	6
293	9
294	6
295	7
296	6
297	12
298	11
299	7
300	11
301	13
302	9
303	7
304	7
305	7
306	8
307	7
308	6
309	4
310	4
311	5
312	4
313	0
314	8
315	13
316	5
317	7
318	6
319	7
320	3
321	8
322	3
323	5
324	5
325	2
326	2
327	4
328	7
329	3
330	6
331	5
332	6
333	0
334	1
335	7
336	5
337	5
338	5
339	3
340	4
341	6
342	6
343	1
344	2
345	2
346	3
347	5
348	2
349	2
350	3
351	3
352	7
353	2
354	3
355	5
356	4
357	5
358	2
359	1
360	6
361	4
362	4
363	5
364	1
365	2
366	3
367	3
368	3
369	3
370	4
371	0
372	3
373	2
374	2
375	1
376	4
377	0
378	0
379	3
380	4
381	1
382	4
383	3
384	6
385	1
386	2
387	3
388	1
389	0
390	2
391	1
392	2
393	1
394	2
395	3
396	2
397	3
398	0
399	2
400	1
401	1
402	1
403	3
404	2
405	0
406	2
407	1
408	0
409	1
410	5
411	0
412	0
413	3
414	1
415	0
416	0
417	2
418	3
419	1
420	1
421	0
422	1
423	1
424	1
425	1
426	0
427	0
428	0
429	1
430	1
431	0
432	1
433	0
434	0
435	2
436	2
437	1
438	0
439	1
440	0
441	1
442	0
443	1
444	2
445	0
446	0
447	0
448	1
449	0
450	1
451	0
452	0
453	1
454	2
455	1
456	0
457	1
458	0
459	0
460	2
461	0
462	1
463	0
464	0
465	0
466	0
467	0
468	0
469	0
470	0
471	1
472	0
473	0
474	1
475	0
476	0
477	0
478	0
479	0
480	2
481	0
482	1
483	0
484	0
485	0
486	0
487	1
488	0
489	0
490	0
491	0
492	2
493	0
494	0
495	0
496	1
497	0
498	0
499	1
500	0
501	1
502	0
503	0
504	0
505	0
506	0
507	0
508	0
509	0
510	0
511	0
512	0
513	0
514	1
515	0
516	0
517	0
518	0
519	0
520	0
521	0
522	1
523	0
524	0
525	0
526	0
527	0
528	0
529	1
530	1
531	1
532	1
533	0
534	0
535	0
536	0
537	0
538	0
539	0
540	0
541	0
542	0
543	0
544	0
545	0
546	0
547	0
548	0
549	1
550	0
551	0
552	0
553	0
554	0
555	0
556	0
557	0
558	0
559	0
560	0
561	0
562	0
563	0
564	0
565	0
566	0
567	0
568	0
569	0
570	0
571	0
572	0
573	0
574	0
575	0
576	0
577	0
578	0
579	0
580	0
581	0
582	0
583	0
584	0
585	0
586	0
587	0
588	0
589	0
590	0
591	0
592	0
593	0
594	0
595	0
596	0
597	0
598	0
599	0
600	0
601	0
602	0
603	0
604	0
605	0
606	0
607	1
608	0
609	0
610	0
611	0
612	0
613	0
614	0
615	0
616	0
617	0
618	0
619	0
620	0
621	0
622	0
623	0
624	0
625	0
626	0
627	0
628	0
629	0
630	0
631	0
632	0
633	0
634	0
635	0
636	0
637	0
638	0
639	0
640	0
641	0
642	0
643	0
644	0
645	0
646	0
647	0
648	0
649	0
650	1
651	0
652	0
653	0
654	0
655	0
656	0
657	0
658	0
659	0
660	0
661	0
662	0
663	0
664	0
665	0
666	0
667	0
668	0
669	0
670	0
671	0
672	0
673	0
674	0
675	0
676	0
677	0
678	0
679	0
680	0
681	0
682	0
683	0
684	0
685	0
686	0
687	0
688	0
689	0
690	0
691	1
692	0
693	0
694	0
695	0
696	0
697	0
698	0
699	0
700	0
701	0
702	0
703	0
704	0
705	0
706	0
707	0
708	0
709	0
710	0
711	0
712	0
713	0
714	0
715	0
716	0
717	0
718	0
719	0
720	0
721	0
722	0
723	0
724	0
725	0
726	0
727	0
728	0
729	0
730	0
731	0
732	0
733	0
734	0
735	0
736	0
737	0
738	0
739	0
740	0
741	0
742	0
743	0
744	0
745	0
746	0
747	0
748	0
749	0
750	0
751	0
752	0
753	0
754	0
755	0
756	0
757	0
758	0
759	0
760	0
761	0
762	0
763	0
764	0
765	0
766	0
767	0
768	0
769	0
770	0
771	0
772	0
773	0
774	0
775	0
776	0
777	0
778	0
779	0
780	0
781	0
782	0
783	0
784	0
785	0
786	0
787	0
788	0
789	0
790	0
791	0
792	0
793	1
794	0
795	0
796	0
797	0
798	0
799	0
800	0
801	0
802	0
803	0
804	0
805	0
806	0
807	0
808	0
809	0
810	0
811	0
812	0
813	0
814	0
815	0
816	0
817	0
818	0
819	0
820	0
821	0
822	0
823	0
824	0
825	0
826	0
827	0
828	0
829	0
830	0
831	0
832	0
833	0
834	0
835	0
836	0
837	0
838	0
839	0
840	0
841	0
842	0
843	0
844	0
845	0
846	0
847	0
848	0
849	0
850	0
851	0
852	0
853	0
854	0
855	0
856	0
857	0
858	0
859	0
860	0
861	0
862	0
863	0
864	0
865	0
866	0
867	0
868	0
869	0
870	0
871	0
872	0
873	0
874	0
875	0
876	0
877	0
878	0
879	0
880	0
881	0
882	0
883	0
884	0
885	0
886	0
887	0
888	0
889	0
890	0
891	0
892	0
893	0
894	0
895	0
896	0
897	0
898	0
899	0
900	0
901	0
902	0
903	0
904	0
905	0
906	0
907	0
908	0
909	0
910	0
911	0
912	0
913	0
914	0
915	0
916	0
917	0
918	0
919	0
920	0
921	0
922	0
923	0
924	0
925	0
926	0
927	0
928	0
929	0
930	0
931	0
932	0
933	0
934	0
935	0
936	0
937	0
938	0
939	0
940	0
941	0
942	0
943	0
944	0
945	0
946	0
947	0
948	0
949	0
950	0
951	0
952	0
953	0
954	0
955	0
956	0
957	0
958	0
959	0
960	0
961	0
962	0
963	0
964	0
965	0
966	0
967	1
968	0
969	0
970	0
971	0
972	0
973	0
974	0
975	0
976	0
977	0
978	0
979	0
980	0
981	0
982	0
983	1
984	0
985	0
986	0
987	0
988	0
989	0
990	0
991	0
992	0
993	0
994	0
995	0
996	0
997	0
998	0
999	0
